[gd_scene format=3 uid="uid://c4mc3walo5kva"]

[ext_resource type="Script" uid="uid://b1std1w2d0b33" path="res://Code/Scripts/main.gd" id="1_hptm8"]
[ext_resource type="PackedScene" uid="uid://cyck2qg52o3g2" path="res://Scenes/fluid.tscn" id="1_jjvhh"]
[ext_resource type="Script" uid="uid://8bp2i13168dj" path="res://Code/Scripts/camera_3d.gd" id="2_8gbba"]
[ext_resource type="Script" uid="uid://bu42i7twtnk1y" path="res://Code/Scripts/character.gd" id="2_21xkr"]
[ext_resource type="Texture2D" uid="uid://c6545y4sqhfwp" path="res://citrus_orchard_road_puresky_4k.exr" id="3_8gbba"]
[ext_resource type="Shader" uid="uid://d4emdokd56qu2" path="res://Code/Shaders/camera_filter.gdshader" id="3_kry3j"]
[ext_resource type="PackedScene" uid="uid://bslun5b34sjgb" path="res://Scenes/wave_controller.tscn" id="4_jjvhh"]
[ext_resource type="Shader" uid="uid://cji204e1baeju" path="res://Code/Shaders/ground.gdshader" id="7_6bp64"]
[ext_resource type="Script" uid="uid://cp77fgct61cyl" path="res://Code/Scripts/ground_manager.gd" id="8_344ge"]

[sub_resource type="CapsuleShape3D" id="CapsuleShape3D_vfd82"]
radius = 0.025
height = 0.05

[sub_resource type="QuadMesh" id="QuadMesh_vfd82"]
size = Vector2(1.3, 0.7)

[sub_resource type="ShaderMaterial" id="ShaderMaterial_jjvhh"]
render_priority = 0
shader = ExtResource("3_kry3j")

[sub_resource type="PanoramaSkyMaterial" id="PanoramaSkyMaterial_xrqee"]
panorama = ExtResource("3_8gbba")
energy_multiplier = 0.3

[sub_resource type="Sky" id="Sky_k0t4d"]
sky_material = SubResource("PanoramaSkyMaterial_xrqee")

[sub_resource type="Environment" id="Environment_vfd82"]
background_mode = 2
sky = SubResource("Sky_k0t4d")
fog_density = 0.0

[sub_resource type="BoxMesh" id="BoxMesh_vfd82"]

[sub_resource type="TorusMesh" id="TorusMesh_k0t4d"]

[sub_resource type="CylinderMesh" id="CylinderMesh_vfd82"]

[sub_resource type="ShaderMaterial" id="ShaderMaterial_ynf5e"]
render_priority = 0
shader = ExtResource("7_6bp64")
shader_parameter/wave_length = 7.5
shader_parameter/wave_amplitude = 0.5
shader_parameter/wave_steepness = 0.75
shader_parameter/time = 0.0
shader_parameter/light_direction = Vector3(0, 0, 0)

[sub_resource type="QuadMesh" id="QuadMesh_k0t4d"]
size = Vector2(10, 10)
subdivide_width = 50
subdivide_depth = 50

[sub_resource type="ShaderMaterial" id="ShaderMaterial_21xkr"]
render_priority = 0
shader = ExtResource("7_6bp64")
shader_parameter/wave_length = 7.5
shader_parameter/wave_amplitude = 0.5
shader_parameter/wave_steepness = 0.75
shader_parameter/time = 0.0
shader_parameter/light_direction = Vector3(0, 0, 0)

[sub_resource type="SphereMesh" id="SphereMesh_vfd82"]
height = 5.854

[sub_resource type="ShaderMaterial" id="ShaderMaterial_hhhfx"]
render_priority = 0
shader = ExtResource("7_6bp64")
shader_parameter/wave_length = 7.5
shader_parameter/wave_amplitude = 0.5
shader_parameter/wave_steepness = 0.75
shader_parameter/time = 0.0
shader_parameter/light_direction = Vector3(0, 0, 0)

[sub_resource type="TorusMesh" id="TorusMesh_vfd82"]
inner_radius = 0.087
outer_radius = 1.71

[sub_resource type="ShaderMaterial" id="ShaderMaterial_hptm8"]
render_priority = 0
shader = ExtResource("7_6bp64")
shader_parameter/wave_length = 7.5
shader_parameter/wave_amplitude = 0.5
shader_parameter/wave_steepness = 0.75
shader_parameter/time = 0.0
shader_parameter/light_direction = Vector3(0, 0, 0)

[sub_resource type="PrismMesh" id="PrismMesh_vfd82"]

[sub_resource type="ShaderMaterial" id="ShaderMaterial_344ge"]
render_priority = 0
shader = ExtResource("7_6bp64")
shader_parameter/wave_length = 7.5
shader_parameter/wave_amplitude = 0.5
shader_parameter/wave_steepness = 0.75
shader_parameter/time = 0.0
shader_parameter/light_direction = Vector3(0, 0, 0)

[sub_resource type="PhysicsMaterial" id="PhysicsMaterial_vfd82"]

[sub_resource type="BoxShape3D" id="BoxShape3D_vfd82"]
size = Vector3(10, 10, 0.01)

[node name="Main" type="Node3D" unique_id=2027078809]
script = ExtResource("1_hptm8")

[node name="Fluid" parent="." unique_id=199363850 instance=ExtResource("1_jjvhh")]
transform = Transform3D(1, 0, 0, 0, 1, 0, 0, 0, 1, 0, -0.039670467, 0)

[node name="CharacterBody3D" type="CharacterBody3D" parent="." unique_id=1234586936]
transform = Transform3D(0.0289368, 0.5699732, -0.8211535, -0.02007294, 0.82166326, 0.5696196, 0.99937963, 1.2006774e-09, 0.03521734, -6.957302, 3.645554, 1.3098075)
motion_mode = 1
script = ExtResource("2_21xkr")

[node name="CollisionShape3D" type="CollisionShape3D" parent="CharacterBody3D" unique_id=1068153518]
transform = Transform3D(1, 0, 0, 0, 1, 0, 0, 0, 1, 0, 0.4903534, -0.42594588)
shape = SubResource("CapsuleShape3D_vfd82")

[node name="Camera3D" type="Camera3D" parent="CharacterBody3D" unique_id=448676736]
transform = Transform3D(1, 0, 0, 0, 1, 0, 0, 0, 1, 0, 0.5100246, 0)
script = ExtResource("2_8gbba")

[node name="MeshInstance3D" type="MeshInstance3D" parent="CharacterBody3D/Camera3D" unique_id=360852920]
transform = Transform3D(1, 0, 0, 0, 1, 0, 0, 0, 1, 0, 0, -0.45564306)
mesh = SubResource("QuadMesh_vfd82")
surface_material_override/0 = SubResource("ShaderMaterial_jjvhh")

[node name="DirectionalLight3D" type="DirectionalLight3D" parent="." unique_id=256479540]
transform = Transform3D(-0.88483006, -0.30456614, -0.3525837, 6.787052e-08, -0.75675714, 0.6536962, -0.46591392, 0.57840997, 0.66960144, -5.968341, 4.661115, 7.2127337)
shadow_enabled = true

[node name="OmniLight3D" type="OmniLight3D" parent="." unique_id=1634736096]
transform = Transform3D(1, 0, 0, 0, 1, 0, 0, 0, 1, 4.10935, 4.619152, 3.5866082)
light_energy = 6.333
omni_range = 9.259

[node name="WorldEnvironment" type="WorldEnvironment" parent="." unique_id=69848828]
environment = SubResource("Environment_vfd82")

[node name="FloatingObj1" type="MeshInstance3D" parent="." unique_id=1485384509]
transform = Transform3D(1, 0, 0, 0, 1, 0, 0, 0, 1, 0, 0.20656705, -4.0020704)
mesh = SubResource("BoxMesh_vfd82")

[node name="FloatingObj2" type="MeshInstance3D" parent="." unique_id=1546694336]
transform = Transform3D(0.778554, -0.52465636, -0.34436813, 0.5908103, 0.7978006, 0.12023916, 0.21165287, -0.29706892, 0.93110317, 2.950289, 0, 0)
mesh = SubResource("TorusMesh_k0t4d")

[node name="FloatingObj3" type="MeshInstance3D" parent="." unique_id=248369626]
transform = Transform3D(0.6905718, 0.72326386, 0, -0.72326386, 0.6905718, 0, 0, 0, 1, 0.39646864, -1.370295, 0)
mesh = SubResource("CylinderMesh_vfd82")
surface_material_override/0 = SubResource("ShaderMaterial_ynf5e")

[node name="WaveController" parent="." unique_id=2136284873 instance=ExtResource("4_jjvhh")]

[node name="Ground" type="MeshInstance3D" parent="." unique_id=713754668]
transform = Transform3D(1, 0, 0, 0, -4.371139e-08, 1, 0, -1, -4.371139e-08, 0, -5.4139047, 0)
mesh = SubResource("QuadMesh_k0t4d")
surface_material_override/0 = SubResource("ShaderMaterial_21xkr")
script = ExtResource("8_344ge")

[node name="GroundObj1" type="MeshInstance3D" parent="Ground" unique_id=1565312137]
transform = Transform3D(0.89159447, 0.452835, 1.9794044e-08, -0.45272982, 0.8913874, -0.021549908, -0.009758567, 0.019213766, 0.9997678, -2.0561733, -4.6204883e-07, -0.33831644)
mesh = SubResource("SphereMesh_vfd82")
surface_material_override/0 = SubResource("ShaderMaterial_hhhfx")

[node name="GroundObj2" type="MeshInstance3D" parent="Ground" unique_id=2056805541]
transform = Transform3D(1, 0, 0, 0, -0.14874534, -0.9888756, 0, 0.9888756, -0.14874534, 2.767057, -2.292716, -0.6587138)
mesh = SubResource("TorusMesh_vfd82")
surface_material_override/0 = SubResource("ShaderMaterial_hptm8")

[node name="GroundObj3" type="MeshInstance3D" parent="Ground" unique_id=1358372457]
transform = Transform3D(1, 0, 0, 0, 0.31822735, -0.94801444, 0, 0.94801444, 0.31822735, 1.0952313, 1.8751601, 0.4654379)
mesh = SubResource("PrismMesh_vfd82")
surface_material_override/0 = SubResource("ShaderMaterial_344ge")

[node name="StaticBody3D" type="StaticBody3D" parent="Ground" unique_id=1738842785]
physics_material_override = SubResource("PhysicsMaterial_vfd82")

[node name="CollisionShape3D" type="CollisionShape3D" parent="Ground/StaticBody3D" unique_id=166857420]
shape = SubResource("BoxShape3D_vfd82")
